time (s)	theta (A)	maj axis/z0	min axis/z0	crossing#mod 255
5223.661934	159.025192	1.559334	-0.092337	157
5225.696400	158.801895	1.558348	-0.094735	159
5227.732330	158.742264	1.556596	-0.096550	161
5229.768506	158.756851	1.549418	-0.099322	163
5231.804719	158.712357	1.550799	-0.099763	165
5233.838200	158.911209	1.552171	-0.100783	167
5235.870558	158.763306	1.546926	-0.102959	169
5237.904430	158.444046	1.541507	-0.106318	171
5239.942017	158.483505	1.539103	-0.107408	173
5241.978512	158.540146	1.536950	-0.109133	175
5244.013488	158.690247	1.538288	-0.109950	177
5246.046903	158.730148	1.538268	-0.111286	179
5248.079945	158.473389	1.534313	-0.112907	181
5250.113871	158.150040	1.530144	-0.114230	183
5252.148593	157.915085	1.527074	-0.116257	185
5254.182567	157.599136	1.525098	-0.118294	187
5256.217908	157.470215	1.522440	-0.118802	189
5258.252650	157.414093	1.517416	-0.120577	191
5260.288239	157.647171	1.514526	-0.120888	193
5262.324092	157.926086	1.509974	-0.123039	195
5264.360383	158.124069	1.509735	-0.123507	197
5266.396012	158.227081	1.505935	-0.125436	199
5268.429852	157.982117	1.505485	-0.128441	201
5270.462877	157.235260	1.505366	-0.130238	203
5272.495890	156.569885	1.503413	-0.130706	205
5274.531088	156.518127	1.495884	-0.131017	207
5276.567404	157.181870	1.493204	-0.131643	209
5278.603842	157.555847	1.490762	-0.134328	211
5280.639172	157.547714	1.487147	-0.136492	213
5282.673073	157.317520	1.485940	-0.138855	215
5284.706509	156.919449	1.485405	-0.140465	217
5286.740250	156.473434	1.483449	-0.141777	219
5288.774499	156.263275	1.482894	-0.142910	221
5290.808926	156.126343	1.479916	-0.144508	223
5292.843652	156.068878	1.480427	-0.146022	225
5294.878490	156.094604	1.478608	-0.147987	227
5296.913923	156.146942	1.475617	-0.149351	229
5298.949526	156.223419	1.471097	-0.151326	231
5300.985521	156.238052	1.469804	-0.153286	233
5303.020917	156.226334	1.469898	-0.154540	235
5305.055119	156.201874	1.472119	-0.155255	237
5307.088247	155.999725	1.470139	-0.156535	239
5309.121366	155.562973	1.464533	-0.158373	241
5311.155192	155.219055	1.462703	-0.160237	243
5313.190787	155.236679	1.461287	-0.162034	245
5315.226948	155.390411	1.455284	-0.163423	247
5317.263182	155.450577	1.451063	-0.165397	249
5319.298864	155.587524	1.450971	-0.166698	251
5321.333929	155.529175	1.451892	-0.168312	253
5323.367718	155.416840	1.452416	-0.169911	255
5325.402079	155.364014	1.450894	-0.171788	1
5327.436678	155.170959	1.450666	-0.173458	3
5329.471602	155.169479	1.446266	-0.176030	5
5331.506531	155.120590	1.445224	-0.177172	7
5333.541936	155.113663	1.443083	-0.178461	9
5335.577290	155.012802	1.436067	-0.180245	11
5337.611786	154.860458	1.433264	-0.182266	13
5339.645544	154.551559	1.432805	-0.184264	15
5341.678283	153.810410	1.433984	-0.187225	17
5343.711652	153.262115	1.433695	-0.188273	19
5345.746218	152.794418	1.429133	-0.187720	21
5347.781114	153.000458	1.422453	-0.188101	23
5349.817078	153.366989	1.419796	-0.189040	25
5351.853241	153.698273	1.417962	-0.190239	27
5353.889079	153.901306	1.414573	-0.192568	29
5355.923738	153.879089	1.406000	-0.194413	31
5357.958713	153.569092	1.406580	-0.196083	33
5359.992973	153.362030	1.403412	-0.197640	35
5362.027161	153.088547	1.403300	-0.198381	37
5364.061727	152.823456	1.403403	-0.199945	39
5366.096675	152.834106	1.400414	-0.200846	41
5368.132390	152.838455	1.397446	-0.203124	43
5370.167254	152.769608	1.395671	-0.204144	45
5372.202069	152.670120	1.393589	-0.205353	47
5374.236279	152.458145	1.391530	-0.206237	49
5376.269777	152.174423	1.391794	-0.207666	51
5378.303107	151.878891	1.390239	-0.208308	53
5380.336356	151.465103	1.388119	-0.209526	55
5382.370040	151.020096	1.383724	-0.211550	57
5384.404642	150.908096	1.381945	-0.211984	59
5386.440500	151.047409	1.378652	-0.212707	61
5388.475826	151.180298	1.375901	-0.213469	63
5390.511945	151.242859	1.372502	-0.215074	65
5392.547047	151.226120	1.370680	-0.216193	67
5394.582369	151.301498	1.369442	-0.217888	69
5396.617049	151.260056	1.368463	-0.218826	71
5398.651837	151.117004	1.366482	-0.219972	73
5400.686227	150.870773	1.364075	-0.221686	75
5402.721110	150.767197	1.364814	-0.222901	77
5404.755926	150.655731	1.361425	-0.224626	79
5406.790377	150.476227	1.358755	-0.226683	81
5408.824882	150.290146	1.356417	-0.228720	83
5410.858680	149.969284	1.356644	-0.230589	85
5412.892180	149.582825	1.355638	-0.232197	87
5414.925582	149.009354	1.354326	-0.232186	89
5416.958808	148.372391	1.352444	-0.232387	91
5418.993352	148.084488	1.347885	-0.233247	93
5421.028241	148.076035	1.344765	-0.233894	95
5423.063627	148.262894	1.342644	-0.234890	97
5425.099262	148.480469	1.340703	-0.236526	99
5427.134879	148.655869	1.340001	-0.237575	101
5429.170208	148.717590	1.337262	-0.238980	103
5431.205374	148.708054	1.335742	-0.240056	105
5433.240375	148.578354	1.333069	-0.241553	107
5435.275124	148.456787	1.331566	-0.243632	109
5437.309797	148.342331	1.326402	-0.244244	111
5439.344370	148.090744	1.324371	-0.245018	113
5441.378975	147.903915	1.321663	-0.246492	115
5443.413878	147.806091	1.321397	-0.248300	117
5445.448047	147.660126	1.320120	-0.250670	119
5447.482403	147.466446	1.318172	-0.252407	121
5449.516356	147.169785	1.316772	-0.253308	123
5451.550088	146.834824	1.314530	-0.254587	125
5453.583432	146.407410	1.311823	-0.255614	127
5455.617056	145.982941	1.308943	-0.257023	129
5457.650881	145.620987	1.306653	-0.258534	131
5459.685493	145.373795	1.305507	-0.260784	133
5461.720109	145.353638	1.303570	-0.262655	135
5463.755502	145.326935	1.301132	-0.263801	137
5465.790975	145.440308	1.299557	-0.265344	139
5467.826659	145.497482	1.296200	-0.266999	141
5469.862077	145.511307	1.293444	-0.268480	143
5471.897288	145.442230	1.289977	-0.270051	145
5473.932111	145.303146	1.286824	-0.271036	147
5475.967094	145.256760	1.284185	-0.272064	149
5478.001665	145.145920	1.281216	-0.273201	151
5480.036336	144.919754	1.278199	-0.273823	153
5482.071105	144.749084	1.276797	-0.275575	155
5484.105804	144.562698	1.274330	-0.276648	157
5486.140183	144.368546	1.272757	-0.277823	159
5488.174435	144.028793	1.272085	-0.278792	161
5490.208245	143.642426	1.270714	-0.279655	163
5492.242158	143.273087	1.270055	-0.281384	165
5494.275724	142.818268	1.269580	-0.282361	167
5496.309635	142.422333	1.268445	-0.282271	169
5498.343447	142.031158	1.267167	-0.283456	171
5500.377829	141.697083	1.263944	-0.284230	173
5502.412361	141.617294	1.260021	-0.285219	175
5504.447632	141.652405	1.257184	-0.286244	177
5506.482912	141.713913	1.253045	-0.286467	179
5508.518139	141.784698	1.250010	-0.286731	181
5510.553763	141.833603	1.248321	-0.287419	183
5512.588577	141.752853	1.247379	-0.288696	185
5514.623876	141.667313	1.245825	-0.290070	187
5516.658808	141.606064	1.243393	-0.290547	189
5518.693826	141.379883	1.241031	-0.290935	191
5520.728321	141.227005	1.240473	-0.291999	193
5522.763329	140.962769	1.239027	-0.292486	195
5524.797562	140.766449	1.238301	-0.293203	197
5526.831724	140.462814	1.235955	-0.293897	199
5528.865948	140.163895	1.234381	-0.294154	201
5530.900076	139.874588	1.231821	-0.294903	203
5532.933867	139.513702	1.228277	-0.295146	205
