crossing time (s)	slope (V/s)	crossing number
7642.872197	143.388535	6236
7643.897522	148.783944	6237
7644.909143	143.942988	6238
7645.938177	143.826166	6239
7646.964451	143.357816	6240
7647.986629	150.701478	6241
7648.978312	145.730942	6242
7650.001688	144.854257	6243
7651.031519	145.856369	6244
7652.053432	150.576267	6245
7653.086149	147.931071	6246
7654.094838	150.576813	6247
7655.087709	144.935148	6248
7656.116249	142.621025	6249
7657.124641	143.420507	6250
7658.161545	142.671614	6251
7659.161130	143.982633	6252
7660.196716	149.610475	6253
7661.205989	149.740481	6254
7662.241127	144.940892	6255
7663.214746	145.773903	6256
7664.255584	151.804353	6257
7665.262331	145.908069	6258
7666.277897	143.750978	6259
7667.325639	150.702115	6260
7668.330492	148.936712	6261
7669.340569	142.930735	6262
7670.353710	142.189069	6263
7671.373255	143.292703	6264
7672.396797	144.925371	6265
7673.400598	146.409868	6266
7674.434685	144.596853	6267
7675.469217	145.319873	6268
7676.459626	144.412369	6269
7677.515790	146.138971	6270
7678.483697	144.877994	6271
7679.504274	144.858332	6272
7680.525638	142.263026	6273
7681.529403	143.935029	6274
7682.558876	142.356421	6275
7683.592092	149.382159	6276
7684.599220	147.323048	6277
7685.613626	142.869748	6278
7686.634550	141.766649	6279
7687.625906	148.580857	6280
7688.649432	141.784939	6281
7689.688061	142.548162	6282
7690.704820	141.608592	6283
7691.729049	142.350363	6284
7692.755249	146.764526	6285
7693.764630	142.044799	6286
7694.778445	147.164212	6287
7695.790860	148.040818	6288
7696.812033	141.377123	6289
7697.819810	141.854990	6290
7698.834905	147.031042	6291
7699.844238	141.583729	6292
7700.869740	147.371658	6293
7701.888339	148.175640	6294
7702.902960	141.575911	6295
7703.918173	142.182198	6296
7704.940815	141.697044	6297
7705.954039	142.767969	6298
7706.960087	141.886771	6299
7708.007222	147.710335	6300
7709.000860	140.721384	6301
7710.041436	147.474012	6302
7711.052772	145.847660	6303
7712.056865	141.550538	6304
7713.099971	139.940510	6305
7714.103386	149.054771	6306
7715.128519	142.042251	6307
7716.121361	143.239555	6308
7717.143006	140.721000	6309
7718.184096	147.388718	6310
7719.191234	140.277643	6311
7720.202929	146.412501	6312
7721.201476	146.329001	6313
7722.230329	140.387706	6314
7723.251417	145.603440	6315
7724.279913	140.996350	6316
7725.296984	146.465180	6317
7726.297838	141.128168	6318
7727.324034	147.917975	6319
7728.338718	142.824747	6320
7729.362292	147.507527	6321
7730.375815	142.575029	6322
7731.403671	139.790315	6323
7732.395804	149.347234	6324
7733.439850	141.155962	6325
7734.423210	143.853465	6326
7735.445070	147.283387	6327
7736.466123	143.675621	6328
7737.498313	141.990911	6329
7738.484357	142.367178	6330
7739.535317	141.786899	6331
7740.565266	145.555469	6332
7741.579887	139.182392	6333
7742.572247	144.988816	6334
7743.582647	144.881297	6335
7744.636616	145.023290	6336
7745.635466	138.849025	6337
7746.641289	144.775818	6338
7747.671813	139.654317	6339
7748.691202	139.857995	6340
7749.703973	139.269775	6341
7750.717170	144.368137	6342
7751.735979	143.612454	6343
7752.755182	139.466035	6344
7753.766384	140.405792	6345
7754.794491	140.521366	6346
7755.805248	145.741877	6347
7756.821650	142.049196	6348
7757.832441	138.433376	6349
7758.854825	144.985984	6350
7759.878244	137.478010	6351
7760.879755	138.766613	6352
7761.917173	143.591472	6353
7762.915143	140.503576	6354
7763.935241	139.729450	6355
7764.948404	139.580532	6356
7765.983305	139.863405	6357
7766.994940	138.656920	6358
7768.020774	137.874292	6359
7769.035626	137.773642	6360
7770.038564	144.125271	6361
7771.057581	143.796373	6362
7772.077189	140.274988	6363
7773.085557	139.245498	6364
7774.094416	139.737121	6365
7775.124202	144.061198	6366
7776.146812	139.170849	6367
7777.154154	142.822378	6368
7778.160012	142.451747	6369
7779.190600	136.910142	6370
7780.201531	141.804386	6371
7781.237837	143.137546	6372
7782.236865	142.071136	6373
7783.286875	141.548092	6374
7784.282376	140.717803	6375
7785.316693	138.325627	6376
7786.310055	141.742600	6377
7787.334016	142.495840	6378
7788.355468	140.545934	6379
7789.374454	137.665009	6380
7790.384211	135.362148	6381
7791.399007	143.220279	6382
7792.422536	135.588359	6383
7793.440410	137.573143	6384
7794.458222	136.553566	6385
7795.490442	142.502275	6386
7796.488416	139.891827	6387
7797.504981	142.281614	6388
7798.531026	139.762762	6389
7799.537438	136.773973	6390
7800.560685	139.554581	6391
7801.564003	136.714713	6392
7802.586569	139.081831	6393
7803.602185	136.547740	6394
7804.629014	134.568098	6395
7805.643974	136.112667	6396
7806.667248	134.875281	6397
7807.662534	137.030438	6398
7808.700580	134.871566	6399
7809.729761	140.599679	6400
7810.731169	134.690615	6401
7811.754036	141.086965	6402
7812.780374	139.121998	6403
7813.775890	135.879790	6404
7814.827424	135.671388	6405
7815.830326	142.642028	6406
7816.844795	136.546173	6407
7817.853291	138.375567	6408
7818.867131	135.979022	6409
7819.885229	136.491976	6410
7820.907573	141.344207	6411
7821.940047	135.622645	6412
7822.915825	136.977922	6413
7823.972011	137.706207	6414
7824.971979	134.204031	6415
7825.992914	139.490153	6416
7826.998602	138.992143	6417
7828.026755	139.697882	6418
7829.033016	138.297068	6419
7830.058712	138.976024	6420
7831.079932	134.526170	6421
7832.090201	135.861647	6422
7833.098402	135.127686	6423
7834.121850	139.237317	6424
7835.168640	135.640204	6425
7836.169809	134.939883	6426
7837.181129	140.639958	6427
7838.187237	136.198039	6428
7839.216377	133.998526	6429
7840.226665	140.108232	6430
7841.249273	138.005200	6431
7842.261971	138.594070	6432
7843.300447	138.105715	6433
7844.287872	137.686974	6434
7845.316978	132.801557	6435
7846.323273	133.333640	6436
7847.355249	136.572232	6437
7848.350462	137.123134	6438
7849.376824	137.284094	6439
7850.407713	137.411318	6440
7851.427841	132.928851	6441
7852.443748	133.387755	6442
7853.456690	132.003425	6443
7854.471316	133.640449	6444
7855.492254	131.863382	6445
7856.502306	133.104343	6446
7857.522712	131.171501	6447
7858.543025	133.509604	6448
7859.558822	131.082415	6449
7860.567926	138.023566	6450
7861.585580	136.940448	6451
7862.605193	135.744675	6452
7863.631253	132.382639	6453
7864.655286	133.466043	6454
7865.666908	135.698907	6455
7866.676679	137.070875	6456
7867.691650	130.075670	6457
7868.714385	132.705822	6458
7869.723766	135.550366	6459
7870.756173	133.408087	6460
7871.742177	134.289304	6461
7872.787139	133.278921	6462
7873.783639	134.835117	6463
7874.817587	137.367845	6464
7875.812619	134.980914	6465
7876.820779	134.518916	6466
7877.849910	132.046366	6467
7878.853032	134.027248	6468
7879.880127	135.250194	6469
7880.891783	132.998764	6470
7881.935923	133.517646	6471
7882.933805	136.190344	6472
7883.964689	130.205664	6473
7884.986096	134.361660	6474
7885.972001	130.555475	6475
7887.038357	130.882395	6476
7888.033748	133.894437	6477
7889.055094	134.777031	6478
7890.066015	134.447207	6479
7891.091530	134.286619	6480
7892.103593	129.814260	6481
7893.107393	134.773269	6482
7894.146337	133.370838	6483
7895.152314	133.989326	6484
7896.163232	130.311233	6485
7897.186342	134.565159	6486
7898.223175	133.488774	6487
7899.203155	128.243811	6488
7900.249838	129.768893	6489
7901.238896	133.765581	6490
7902.286213	128.744815	6491
7903.282281	130.344770	6492
7904.316490	130.121714	6493
7905.299355	134.428954	6494
7906.348149	128.849905	6495
7907.346873	133.576014	6496
7908.375420	132.329674	6497
7909.378454	133.860313	6498
7910.418244	127.810066	6499
7911.418417	129.368788	6500
7912.465527	128.669605	6501
7913.462537	129.745014	6502
7914.482138	128.346217	6503
7915.493369	129.661469	6504
7916.512580	128.599339	6505
7917.534783	130.012290	6506
7918.567688	128.895503	6507
7919.578916	132.639459	6508
7920.597209	128.324792	6509
7921.610263	128.719078	6510
7922.615608	128.754243	6511
7923.639659	129.491055	6512
7924.657544	133.105310	6513
7925.686493	131.446773	6514
7926.691838	129.675119	6515
7927.711227	133.573526	6516
7928.729900	127.494382	6517
7929.745199	130.373911	6518
7930.770552	128.335563	6519
7931.784728	130.305180	6520
7932.791045	128.067564	6521
7933.808403	128.567033	6522
7934.834396	126.393163	6523
7935.844558	129.085298	6524
7936.863479	128.690387	6525
7937.878142	126.165384	6526
7938.903562	127.716260	6527
7939.916658	131.735622	6528
7940.928588	127.179024	6529
7941.939063	129.596000	6530
7942.974395	127.298571	6531
7943.982186	130.972062	6532
7944.990357	124.877714	6533
7946.028317	126.798146	6534
7947.038119	127.620657	6535
7948.049502	129.064629	6536
